21205258
31006459
21177007
17360686
51642333
21199606
3292415
11373533
30030456
70052315
3282146
3045925
21173140
21234532
6671921
86010008
4561950
1119886285
40422362
40447756
1122649188
21182125
30001167
1122129288
1122646151
1122652108
40315281
19337954
30055021
40362749
40446257
40434896
1123058626
1122134224
1123860656
30055352
40362705
40449564
23629227
1120499341
21176766
42986981
40415945
40448500
40405194
59671136
1024483160
21177991
40447815
14993451
40361978
86014300
1123084793
7818547
40413124
40412991
40215630
86040029
40447846
30347361
40429641
1120380003
40265797
1122132502
1120356609
31939677
40405846
1121820330
37559806
40396291
85449427
79849312
53093424
40450735
40266836
1121844576
31008060
39616373
1033774813
40432224
1119889226
1010193197
40422425
1122126675
52752142
1120353500
52469010
1122649705
21181515
1121148787
1006700030
1123530955
60264481
1073695360
1006449658
1016041709
1122137332
1122135332
53154537
1121146888
40185360
1121885145
40306120
40431599
30002107
1006689956
21202600
1121906197
1120356582
52881968
1000807612
39801680
1122145025
1121822628
1124217818
30981833
1126905997
40278351
31006869
21203424
1122136923
1124190794
1124243490
40400278
1124190027
40306131
1124218504
1124216166
40422019
1006697169
1122140761
1012425696
21202920
35255057
1120504924
1122140064
1127385585
1120384826
1123058967
40187549
1123115654
1120384377
40362271
26593620
1124216732
1120498573
40316428
1022938760
1074131461
1085343145
1122124846
1122124916
1122144685
21183385
1121909358
1122651037
1006779225
53016403
1120376987
1120387091
40447469
1120355361
1121931227
30081386
1122127781
40434094
40775505
1122138895
51907408
1123566252
1123566613
21940107
30030986
66865834
40447278
1070331092
1121824758
96195073
1122646913
1122144983
40187078
40447086
1124828578
40430721
40434032
1120506939
40433512
18598661
30080869
52116345
86009284
1119888577
1006904343
1120474468
1006693742
1120387777
65795239
1005293697
31006780
40415550
1122119431
40447519
28845786
1071304162
1122652696
1122126119
1122627123
1120373174
36173037
1023861468
1118535887
52552056
1123862467
1121903136
1120373472
1006737197
14952515
40442969
28907825
1104184087
1098436557
1120506274
1006877419
1006867028
21182488
1121923324
1002681230
1002733121
1121846021
1006903629
1006691122
1076200860
40393137
40421967
1006774918
1121823059
1122118438
1122506145
1006690715
1118562246
1012413227
1005181518
1120387240
1193581832
1193128654
31031916
1024516175
1006737670
1006661215
1122137585
1120378198
1119887995
1120369362
1006717092
1006729382
1006777681
40316571
80266280
1101687452
1006717478
1120362791
40434945
1111197763
1006688609
1121875236
1006778905
1122117276
1122138809
1123058148
1123565795
40341027
1120387069
1123564388
1123512956
1121416747
1020824438
1000834345
1193547301
20699563
1120498474
1006779481
41241858
1123114456
40405695
52096535
1120472391
1120372119
1123114061
1121903090
1123087731
1122144884
1015996912
1121905136
1120924575
1122125305
1006777428
1118020889
1122918095
1120352059
1116505062
1003530338
1121953048
1005856097
1123863140
1006697920
40265478
1023367834
1120844914
1123085348
1121872052
1006876003
1072593142
1006794764
1120924057
1120006623
1122626591
30946278
1122646404
80904798
1122132070
1056771673
21991161
40445242
1120381379
1121921932
1120818086
1122123029
1000693714
1096037708
1122143934
1006692935
1005319257
1193112708
1120560790
1122139765
1033740918
1090438876
1122119691
1123864028
1120355934
1016945097
1122653258
1006777121
65783261
1121146244
1123515171
1006866651
1001270374
1120504886
1234788097
1006874253
1123567290